Number of inputs:,3,Number of elements:,4,Number of known outputs:,5,,,,,,,
Relative Amounts of Input Compositions (Moles),,,Stoichiometry,,,,Ratio of phases,,,,,Estimated accurancy
Li2O,LiBr,B2O3,Li,B,O,Br,Li 2 O,Li 3 O Br,Li 3 B O 3,Li B O 2,Li Br,
7,2,1,16,2,10,2,50.5,3.9,2.55,0,0,Na
7,2.5,0.5,16.5,1,8.5,2.5,47,2,0.06,0,0,Na
3,6,1,12,2,6,6,5.87,2.1,0,0,18.5,Na
5,2,1,12,2,8,2,36.6,3.6,7.94,0,0,Na
6,2,0.5,14,1,7.5,2,48.3,0.8,0.02,0,0,Na
3,2,0.5,8,1,4.5,2,14.1,6.01,6.69,0,0,Na
2,2,0.5,6,1,3.5,2,3.66,5.97,6.05,0,0,Na
2,3,1,7,2,5,3,1.3,0,0,0,3.26,Na
1.5,3,0.5,6,1,3,3,5.53,0,0,0,18.37,Na
1.5,3,0.5,6,1,3,3,2.78,0,0,0,17.94,Na
2,3,1,7,2,5,3,0,0,0,0,3.01,Na
2,3,1,7,2,5,3,0,0,0,0,5.46,Na
2,2.5,1,6.5,2,5,2.5,0,0,0,5.95,0.14,Na
2,2,0.5,6,1,3.5,2,4.12,6.18,0,0,0,Na
1.5,2.5,1,5.5,2,4.5,2.5,0,0,0,28.68,21.68,Na
2,3,1.3,7,2.6,5.9,3,0,0,0,27.08,18.58,Na
